Variation of NA 

Porph Concentration: 1.000000e-06
NA 	 NA_Collection	 Solid_Angle	 Collected_Fraction	 Focal_Volume	 PSF	 Max_I	 Max_Generated_Sig(0.25	  0.95	 1.624	 0.129	 5.449868e+01	 7.240773e-07	 1.038543e+24	 3.285504e-01	 3.580296e+06	 4.626039e+05	 8.148147e+08	 1.052808e+08
0.35	  0.95	 1.624	 0.129	 1.406176e+01	 5.171981e-07	 4.060734e+24	 9.707583e-01	 2.884598e+06	 3.727140e+05	 6.564857e+08	 8.482340e+07
0.45	  0.95	 1.624	 0.129	 5.083753e+00	 4.022652e-07	 1.136940e+25	 9.962502e-01	 1.092918e+06	 1.412141e+05	 2.487297e+08	 3.213794e+07
0.55	  0.95	 1.624	 0.129	 2.242321e+00	 3.291261e-07	 2.618846e+25	 1.000000e+00	 4.825644e+05	 6.235133e+04	 1.098235e+08	 1.419011e+07
0.65	  0.95	 1.624	 0.129	 1.126571e+00	 2.784913e-07	 5.318460e+25	 1.000000e+00	 2.424465e+05	 3.132611e+04	 5.517673e+07	 7.129291e+06
0.75	  0.95	 1.624	 0.129	 6.070140e-01	 2.388650e-07	 9.914469e+25	 1.000000e+00	 1.306340e+05	 1.687900e+04	 2.973008e+07	 3.841374e+06
0.85	  0.95	 1.624	 0.129	 3.646273e-01	 2.131509e-07	 1.742234e+26	 1.000000e+00	 7.847055e+04	 1.013905e+04	 1.785857e+07	 2.307475e+06
0.95	  0.95	 1.624	 0.129	 2.290754e-01	 1.926326e-07	 2.944552e+26	 1.000000e+00	 4.929874e+04	 6.369807e+03	 1.121956e+07	 1.449660e+06

Porph Concentration: 5.000000e-05
NA 	 NA_Collection	 Solid_Angle	 Collected_Fraction	 Focal_Volume	 PSF	 Max_I	 Max_Generated_Sig(0.25	  0.95	 1.624	 0.129	 5.449868e+01	 7.240773e-07	 1.038543e+24	 3.285504e-01	 1.790148e+08	 2.313020e+07	 4.074073e+10	 5.264041e+09
0.35	  0.95	 1.624	 0.129	 1.406176e+01	 5.171981e-07	 4.060734e+24	 9.707583e-01	 1.442299e+08	 1.863570e+07	 3.282428e+10	 4.241170e+09
0.45	  0.95	 1.624	 0.129	 5.083753e+00	 4.022652e-07	 1.136940e+25	 9.962502e-01	 5.464590e+07	 7.060705e+06	 1.243648e+10	 1.606897e+09
0.55	  0.95	 1.624	 0.129	 2.242321e+00	 3.291261e-07	 2.618846e+25	 1.000000e+00	 2.412822e+07	 3.117567e+06	 5.491175e+09	 7.095054e+08
0.65	  0.95	 1.624	 0.129	 1.126571e+00	 2.784913e-07	 5.318460e+25	 1.000000e+00	 1.212233e+07	 1.566305e+06	 2.758836e+09	 3.564646e+08
0.75	  0.95	 1.624	 0.129	 6.070140e-01	 2.388650e-07	 9.914469e+25	 1.000000e+00	 6.531699e+06	 8.439498e+05	 1.486504e+09	 1.920687e+08
0.85	  0.95	 1.624	 0.129	 3.646273e-01	 2.131509e-07	 1.742234e+26	 1.000000e+00	 3.923527e+06	 5.069523e+05	 8.929284e+08	 1.153738e+08
0.95	  0.95	 1.624	 0.129	 2.290754e-01	 1.926326e-07	 2.944552e+26	 1.000000e+00	 2.464937e+06	 3.184904e+05	 5.609779e+08	 7.248301e+07

Porph Concentration: 1.000000e-04
NA 	 NA_Collection	 Solid_Angle	 Collected_Fraction	 Focal_Volume	 PSF	 Max_I	 Max_Generated_Sig(0.25	  0.95	 1.624	 0.129	 5.449868e+01	 7.240773e-07	 1.038543e+24	 3.285504e-01	 3.580296e+08	 4.626039e+07	 8.148147e+10	 1.052808e+10
0.35	  0.95	 1.624	 0.129	 1.406176e+01	 5.171981e-07	 4.060734e+24	 9.707583e-01	 2.884598e+08	 3.727140e+07	 6.564857e+10	 8.482340e+09
0.45	  0.95	 1.624	 0.129	 5.083753e+00	 4.022652e-07	 1.136940e+25	 9.962502e-01	 1.092918e+08	 1.412141e+07	 2.487297e+10	 3.213794e+09
0.55	  0.95	 1.624	 0.129	 2.242321e+00	 3.291261e-07	 2.618846e+25	 1.000000e+00	 4.825644e+07	 6.235133e+06	 1.098235e+10	 1.419011e+09
0.65	  0.95	 1.624	 0.129	 1.126571e+00	 2.784913e-07	 5.318460e+25	 1.000000e+00	 2.424465e+07	 3.132611e+06	 5.517673e+09	 7.129291e+08
0.75	  0.95	 1.624	 0.129	 6.070140e-01	 2.388650e-07	 9.914469e+25	 1.000000e+00	 1.306340e+07	 1.687900e+06	 2.973008e+09	 3.841374e+08
0.85	  0.95	 1.624	 0.129	 3.646273e-01	 2.131509e-07	 1.742234e+26	 1.000000e+00	 7.847055e+06	 1.013905e+06	 1.785857e+09	 2.307475e+08
0.95	  0.95	 1.624	 0.129	 2.290754e-01	 1.926326e-07	 2.944552e+26	 1.000000e+00	 4.929874e+06	 6.369807e+05	 1.121956e+09	 1.449660e+08

Porph Concentration: 1.500000e-04
NA 	 NA_Collection	 Solid_Angle	 Collected_Fraction	 Focal_Volume	 PSF	 Max_I	 Max_Generated_Sig(0.25	  0.95	 1.624	 0.129	 5.449868e+01	 7.240773e-07	 1.038543e+24	 3.285504e-01	 5.370443e+08	 6.939059e+07	 1.222222e+11	 1.579212e+10
0.35	  0.95	 1.624	 0.129	 1.406176e+01	 5.171981e-07	 4.060734e+24	 9.707583e-01	 4.326897e+08	 5.590710e+07	 9.847285e+10	 1.272351e+10
0.45	  0.95	 1.624	 0.129	 5.083753e+00	 4.022652e-07	 1.136940e+25	 9.962502e-01	 1.639377e+08	 2.118211e+07	 3.730945e+10	 4.820691e+09
0.55	  0.95	 1.624	 0.129	 2.242321e+00	 3.291261e-07	 2.618846e+25	 1.000000e+00	 7.238466e+07	 9.352700e+06	 1.647352e+10	 2.128516e+09
0.65	  0.95	 1.624	 0.129	 1.126571e+00	 2.784913e-07	 5.318460e+25	 1.000000e+00	 3.636698e+07	 4.698916e+06	 8.276509e+09	 1.069394e+09
0.75	  0.95	 1.624	 0.129	 6.070140e-01	 2.388650e-07	 9.914469e+25	 1.000000e+00	 1.959510e+07	 2.531849e+06	 4.459512e+09	 5.762061e+08
0.85	  0.95	 1.624	 0.129	 3.646273e-01	 2.131509e-07	 1.742234e+26	 1.000000e+00	 1.177058e+07	 1.520857e+06	 2.678785e+09	 3.461213e+08
0.95	  0.95	 1.624	 0.129	 2.290754e-01	 1.926326e-07	 2.944552e+26	 1.000000e+00	 7.394811e+06	 9.554711e+05	 1.682934e+09	 2.174490e+08

Porph Concentration: 2.000000e-04
NA 	 NA_Collection	 Solid_Angle	 Collected_Fraction	 Focal_Volume	 PSF	 Max_I	 Max_Generated_Sig(0.25	  0.95	 1.624	 0.129	 5.449868e+01	 7.240773e-07	 1.038543e+24	 3.285504e-01	 7.160591e+08	 9.252079e+07	 1.629629e+11	 2.105616e+10
0.35	  0.95	 1.624	 0.129	 1.406176e+01	 5.171981e-07	 4.060734e+24	 9.707583e-01	 5.769196e+08	 7.454281e+07	 1.312971e+11	 1.696468e+10
0.45	  0.95	 1.624	 0.129	 5.083753e+00	 4.022652e-07	 1.136940e+25	 9.962502e-01	 2.185836e+08	 2.824282e+07	 4.974593e+10	 6.427588e+09
0.55	  0.95	 1.624	 0.129	 2.242321e+00	 3.291261e-07	 2.618846e+25	 1.000000e+00	 9.651288e+07	 1.247027e+07	 2.196470e+10	 2.838022e+09
0.65	  0.95	 1.624	 0.129	 1.126571e+00	 2.784913e-07	 5.318460e+25	 1.000000e+00	 4.848931e+07	 6.265221e+06	 1.103535e+10	 1.425858e+09
0.75	  0.95	 1.624	 0.129	 6.070140e-01	 2.388650e-07	 9.914469e+25	 1.000000e+00	 2.612680e+07	 3.375799e+06	 5.946017e+09	 7.682747e+08
0.85	  0.95	 1.624	 0.129	 3.646273e-01	 2.131509e-07	 1.742234e+26	 1.000000e+00	 1.569411e+07	 2.027809e+06	 3.571714e+09	 4.614951e+08
0.95	  0.95	 1.624	 0.129	 2.290754e-01	 1.926326e-07	 2.944552e+26	 1.000000e+00	 9.859748e+06	 1.273961e+06	 2.243912e+09	 2.899320e+08

Porph Concentration: 2.500000e-04
NA 	 NA_Collection	 Solid_Angle	 Collected_Fraction	 Focal_Volume	 PSF	 Max_I	 Max_Generated_Sig(0.25	  0.95	 1.624	 0.129	 5.449868e+01	 7.240773e-07	 1.038543e+24	 3.285504e-01	 8.950739e+08	 1.156510e+08	 2.037037e+11	 2.632021e+10
0.35	  0.95	 1.624	 0.129	 1.406176e+01	 5.171981e-07	 4.060734e+24	 9.707583e-01	 7.211495e+08	 9.317851e+07	 1.641214e+11	 2.120585e+10
0.45	  0.95	 1.624	 0.129	 5.083753e+00	 4.022652e-07	 1.136940e+25	 9.962502e-01	 2.732295e+08	 3.530352e+07	 6.218241e+10	 8.034484e+09
0.55	  0.95	 1.624	 0.129	 2.242321e+00	 3.291261e-07	 2.618846e+25	 1.000000e+00	 1.206411e+08	 1.558783e+07	 2.745587e+10	 3.547527e+09
0.65	  0.95	 1.624	 0.129	 1.126571e+00	 2.784913e-07	 5.318460e+25	 1.000000e+00	 6.061163e+07	 7.831527e+06	 1.379418e+10	 1.782323e+09
0.75	  0.95	 1.624	 0.129	 6.070140e-01	 2.388650e-07	 9.914469e+25	 1.000000e+00	 3.265850e+07	 4.219749e+06	 7.432521e+09	 9.603434e+08
0.85	  0.95	 1.624	 0.129	 3.646273e-01	 2.131509e-07	 1.742234e+26	 1.000000e+00	 1.961764e+07	 2.534762e+06	 4.464642e+09	 5.768688e+08
0.95	  0.95	 1.624	 0.129	 2.290754e-01	 1.926326e-07	 2.944552e+26	 1.000000e+00	 1.232469e+07	 1.592452e+06	 2.804890e+09	 3.624151e+08

Porph Concentration: 3.000000e-04
NA 	 NA_Collection	 Solid_Angle	 Collected_Fraction	 Focal_Volume	 PSF	 Max_I	 Max_Generated_Sig(0.25	  0.95	 1.624	 0.129	 5.449868e+01	 7.240773e-07	 1.038543e+24	 3.285504e-01	 1.074089e+09	 1.387812e+08	 2.444444e+11	 3.158425e+10
0.35	  0.95	 1.624	 0.129	 1.406176e+01	 5.171981e-07	 4.060734e+24	 9.707583e-01	 8.653794e+08	 1.118142e+08	 1.969457e+11	 2.544702e+10
0.45	  0.95	 1.624	 0.129	 5.083753e+00	 4.022652e-07	 1.136940e+25	 9.962502e-01	 3.278754e+08	 4.236423e+07	 7.461890e+10	 9.641381e+09
0.55	  0.95	 1.624	 0.129	 2.242321e+00	 3.291261e-07	 2.618846e+25	 1.000000e+00	 1.447693e+08	 1.870540e+07	 3.294705e+10	 4.257032e+09
0.65	  0.95	 1.624	 0.129	 1.126571e+00	 2.784913e-07	 5.318460e+25	 1.000000e+00	 7.273396e+07	 9.397832e+06	 1.655302e+10	 2.138787e+09
0.75	  0.95	 1.624	 0.129	 6.070140e-01	 2.388650e-07	 9.914469e+25	 1.000000e+00	 3.919020e+07	 5.063699e+06	 8.919025e+09	 1.152412e+09
0.85	  0.95	 1.624	 0.129	 3.646273e-01	 2.131509e-07	 1.742234e+26	 1.000000e+00	 2.354116e+07	 3.041714e+06	 5.357570e+09	 6.922426e+08
0.95	  0.95	 1.624	 0.129	 2.290754e-01	 1.926326e-07	 2.944552e+26	 1.000000e+00	 1.478962e+07	 1.910942e+06	 3.365868e+09	 4.348981e+08

Porph Concentration: 3.500000e-04
NA 	 NA_Collection	 Solid_Angle	 Collected_Fraction	 Focal_Volume	 PSF	 Max_I	 Max_Generated_Sig(0.25	  0.95	 1.624	 0.129	 5.449868e+01	 7.240773e-07	 1.038543e+24	 3.285504e-01	 1.253103e+09	 1.619114e+08	 2.851851e+11	 3.684829e+10
0.35	  0.95	 1.624	 0.129	 1.406176e+01	 5.171981e-07	 4.060734e+24	 9.707583e-01	 1.009609e+09	 1.304499e+08	 2.297700e+11	 2.968819e+10
0.45	  0.95	 1.624	 0.129	 5.083753e+00	 4.022652e-07	 1.136940e+25	 9.962502e-01	 3.825213e+08	 4.942493e+07	 8.705538e+10	 1.124828e+10
0.55	  0.95	 1.624	 0.129	 2.242321e+00	 3.291261e-07	 2.618846e+25	 1.000000e+00	 1.688975e+08	 2.182297e+07	 3.843822e+10	 4.966538e+09
0.65	  0.95	 1.624	 0.129	 1.126571e+00	 2.784913e-07	 5.318460e+25	 1.000000e+00	 8.485629e+07	 1.096414e+07	 1.931185e+10	 2.495252e+09
0.75	  0.95	 1.624	 0.129	 6.070140e-01	 2.388650e-07	 9.914469e+25	 1.000000e+00	 4.572189e+07	 5.907649e+06	 1.040553e+10	 1.344481e+09
0.85	  0.95	 1.624	 0.129	 3.646273e-01	 2.131509e-07	 1.742234e+26	 1.000000e+00	 2.746469e+07	 3.548666e+06	 6.250499e+09	 8.076164e+08
0.95	  0.95	 1.624	 0.129	 2.290754e-01	 1.926326e-07	 2.944552e+26	 1.000000e+00	 1.725456e+07	 2.229432e+06	 3.926846e+09	 5.073811e+08

Porph Concentration: 4.000000e-04
NA 	 NA_Collection	 Solid_Angle	 Collected_Fraction	 Focal_Volume	 PSF	 Max_I	 Max_Generated_Sig(0.25	  0.95	 1.624	 0.129	 5.449868e+01	 7.240773e-07	 1.038543e+24	 3.285504e-01	 1.432118e+09	 1.850416e+08	 3.259259e+11	 4.211233e+10
0.35	  0.95	 1.624	 0.129	 1.406176e+01	 5.171981e-07	 4.060734e+24	 9.707583e-01	 1.153839e+09	 1.490856e+08	 2.625943e+11	 3.392936e+10
0.45	  0.95	 1.624	 0.129	 5.083753e+00	 4.022652e-07	 1.136940e+25	 9.962502e-01	 4.371672e+08	 5.648564e+07	 9.949186e+10	 1.285518e+10
0.55	  0.95	 1.624	 0.129	 2.242321e+00	 3.291261e-07	 2.618846e+25	 1.000000e+00	 1.930258e+08	 2.494053e+07	 4.392940e+10	 5.676043e+09
0.65	  0.95	 1.624	 0.129	 1.126571e+00	 2.784913e-07	 5.318460e+25	 1.000000e+00	 9.697861e+07	 1.253044e+07	 2.207069e+10	 2.851717e+09
0.75	  0.95	 1.624	 0.129	 6.070140e-01	 2.388650e-07	 9.914469e+25	 1.000000e+00	 5.225359e+07	 6.751598e+06	 1.189203e+10	 1.536549e+09
0.85	  0.95	 1.624	 0.129	 3.646273e-01	 2.131509e-07	 1.742234e+26	 1.000000e+00	 3.138822e+07	 4.055619e+06	 7.143427e+09	 9.229902e+08
0.95	  0.95	 1.624	 0.129	 2.290754e-01	 1.926326e-07	 2.944552e+26	 1.000000e+00	 1.971950e+07	 2.547923e+06	 4.487824e+09	 5.798641e+08

Porph Concentration: 4.500000e-04
NA 	 NA_Collection	 Solid_Angle	 Collected_Fraction	 Focal_Volume	 PSF	 Max_I	 Max_Generated_Sig(0.25	  0.95	 1.624	 0.129	 5.449868e+01	 7.240773e-07	 1.038543e+24	 3.285504e-01	 1.611133e+09	 2.081718e+08	 3.666666e+11	 4.737637e+10
0.35	  0.95	 1.624	 0.129	 1.406176e+01	 5.171981e-07	 4.060734e+24	 9.707583e-01	 1.298069e+09	 1.677213e+08	 2.954185e+11	 3.817053e+10
0.45	  0.95	 1.624	 0.129	 5.083753e+00	 4.022652e-07	 1.136940e+25	 9.962502e-01	 4.918131e+08	 6.354634e+07	 1.119283e+11	 1.446207e+10
0.55	  0.95	 1.624	 0.129	 2.242321e+00	 3.291261e-07	 2.618846e+25	 1.000000e+00	 2.171540e+08	 2.805810e+07	 4.942057e+10	 6.385548e+09
0.65	  0.95	 1.624	 0.129	 1.126571e+00	 2.784913e-07	 5.318460e+25	 1.000000e+00	 1.091009e+08	 1.409675e+07	 2.482953e+10	 3.208181e+09
0.75	  0.95	 1.624	 0.129	 6.070140e-01	 2.388650e-07	 9.914469e+25	 1.000000e+00	 5.878529e+07	 7.595548e+06	 1.337854e+10	 1.728618e+09
0.85	  0.95	 1.624	 0.129	 3.646273e-01	 2.131509e-07	 1.742234e+26	 1.000000e+00	 3.531175e+07	 4.562571e+06	 8.036356e+09	 1.038364e+09
0.95	  0.95	 1.624	 0.129	 2.290754e-01	 1.926326e-07	 2.944552e+26	 1.000000e+00	 2.218443e+07	 2.866413e+06	 5.048802e+09	 6.523471e+08

Porph Concentration: 5.000000e-04
NA 	 NA_Collection	 Solid_Angle	 Collected_Fraction	 Focal_Volume	 PSF	 Max_I	 Max_Generated_Sig(0.25	  0.95	 1.624	 0.129	 5.449868e+01	 7.240773e-07	 1.038543e+24	 3.285504e-01	 1.790148e+09	 2.313020e+08	 4.074073e+11	 5.264041e+10
0.35	  0.95	 1.624	 0.129	 1.406176e+01	 5.171981e-07	 4.060734e+24	 9.707583e-01	 1.442299e+09	 1.863570e+08	 3.282428e+11	 4.241170e+10
0.45	  0.95	 1.624	 0.129	 5.083753e+00	 4.022652e-07	 1.136940e+25	 9.962502e-01	 5.464590e+08	 7.060705e+07	 1.243648e+11	 1.606897e+10
0.55	  0.95	 1.624	 0.129	 2.242321e+00	 3.291261e-07	 2.618846e+25	 1.000000e+00	 2.412822e+08	 3.117567e+07	 5.491175e+10	 7.095054e+09
0.65	  0.95	 1.624	 0.129	 1.126571e+00	 2.784913e-07	 5.318460e+25	 1.000000e+00	 1.212233e+08	 1.566305e+07	 2.758836e+10	 3.564646e+09
0.75	  0.95	 1.624	 0.129	 6.070140e-01	 2.388650e-07	 9.914469e+25	 1.000000e+00	 6.531699e+07	 8.439498e+06	 1.486504e+10	 1.920687e+09
0.85	  0.95	 1.624	 0.129	 3.646273e-01	 2.131509e-07	 1.742234e+26	 1.000000e+00	 3.923527e+07	 5.069523e+06	 8.929284e+09	 1.153738e+09
0.95	  0.95	 1.624	 0.129	 2.290754e-01	 1.926326e-07	 2.944552e+26	 1.000000e+00	 2.464937e+07	 3.184904e+06	 5.609779e+09	 7.248301e+08
